2778
862
5395
4088
4089
5290
79695
4763
5606
1908
1910
4072
4512
657
324
4595
8929
4092
207
673
7486
5157
8313
1499
2956
7048
2042
27030
4522
4292
5979
4436
26683717
167826
100271520
7227
728010
159296
3554
3127
55765
400867
2859
999
6447
5462
7128
3132
149233
5307
4485
57609
85415
4092
23308
257177
150962
2308
4046
3579
3663
343727
3577
51750
57511
221416
140717
64170
127281
6581
2768
3586
8209
8204
54546
55722
23252
2835
219771
3394
5979
643503
7422
100129306
9555
54535
1001
3593
2615
2294
7850
100271596
11221
2805
1738
653437
644540
3458
652
650
3084
375616
639
466
54361
3172
26585
2212
728615
402569
400935
220959
120400
55892
8667
120376
401475
3575
55876
6550
1811
8764
9966
1611
8927
327
100271063
147
8771
391282
3911
10171
146198
5734
11315
9923
56946
1601
124626
57154