6583
1493
875
5176
60681
5351
4893
3373
23545
23592
4015
3309
10516
4669
10125
5479
4282
4920
5352
1773
5133
26191
121340
871
1294
5781
368
5894
3845
64175
11285
3569
115352
1278
2213
7292
9509
4277
3663
2720
113189
30008
1277
7100
11277
23569
81794
4627
91
4795
2588
1290
6448
4041
1285
138050
1287
1286
1281
2200
5831
2990
6775
100293534
6654
1289
3425
3684
3423
2799
2006
411
720
721
55024
673
1380
10491100131609
7128
9071
3132
9474
259308
10340
11118
696
100130988
23
3122
3123
3120
3127
3559
10665
267014
267015
267016
389715
387046
352961
115509
286016
717
387122
1797
3135
200734
1493
23569
167826
389203
401089
8870
4734
344423
164832
729627
25780
84547
55024
56244
55937
10320
64288
221527
100270827
3684
79722
78994
54899
7917
919
730070
1656
100189529
5966
1235
3663
100130756
170679
11120
645950
353011
259197
57661
780
3394
26147
6775
79692
3092
640
387117
83648
629
100189539
2294
7918
394263
8341
3009
7916
11221
23534
474354
3516
394254
3899
26191
2113
6366
10919
375616
349158
4277
4276
639
80760
29113
121260
7148
135656
4439
728615
1997
344462
221584
57705
3687
1460
57176
100129192
10318
285834
54665
63940
7292
729816
11181
5211
6941
283165
958
57713
11170
3106
326
150221
414777
90355
81797
7332
3119
3118
3117
3115
3113
3112
8859
7741
29777
4855
7185