2778
6391
5395
1316
4088
4089
11178
5290
79695
4763
5606
3659
6927
4072
4512
862
79728
5979
657
843
324
4595
1033
6049
51201
4092
207
3815
675
999
672
673
7486
5157
8312
8313
1499
2956
5156
4233
7048
2042
2272
6392
6390
27030
4522
4293
4292
7157
9940
4436
3845
57509
23022
2064
51741217
387934
571
120376
112744
283450
7031
7032
23095
7227
57497
8125
11221
4276
347730
644540
6447
11200
11278
51196
28
5562
26137
652
650
267015
4092
6581
55892
3911
5144
466
999
401475
10391
5462
125
26585
100271596
2834
80724
647201
222643
728615
3119
3118
1601
220959
2494
63877
861
57609
643503
25817
1452
8667
100271015
85415