5310
4306
668
50617
760
79983
6557
6559
7225
3040
5071
5076
8542
3557
2321
268
6648
5824
5828
7056
8671
4868
23512
23607
3939
142680
718
7809
675
999
672
135935
84733
6716
1499
269
6092
4233
116093
6569
3039
2990
4643
2492
23405
4978
2064
988
120227
65266
190
7030
11136
81
6519
5251
9380
79663
6662
5311
51196
6514
5314
525
4968
11281
367
2260
2261
4214
64423
3265
4627
2271
6421
1729
2253
6770
4292
55636
7422
7421
4952
5972
7428
3758
8504
5546
629
4437
4436
5167
3295
3293
27241
1589
1636
2056
1730
7490
1586
1584
183
154288
185
9409
189
284654
112817
10312
2629
1287
6521
22800
5892
6524
3077
2956
3284
11236
344018
1188
10232
1187
1184
4179
201163
2516
128674
340024
554
551
8074
5290
2632
5889
3730
6340
5728
4920
5192
5195
7466
5190
5193
221895
199713
5925
50846
1758
65125
5800
4841
3913
79058
207
7369
57531
55193
493856
60675
6736
9210
26503
7827
1285
2332
1286
5830
1594
3426
219736
84925
6337
359
55670
6338
81494
7390
30758626
10863
23362
28991
56169
200420
8542
346711
83636
3123
11112
10665
407977
2152
7369
29851
84902
8029
22925
80832
23562
6569
1060
3031
6563
7312
100271317
5696
55589
51071
595
23466
3709
8395
728409
286097
100271197
9658
100270946
6781
449493
6262
100270916
57619
6665
898
26011
221416
57575
6582
100271209
9153
5820
9526
100130338
100048912
55214
7029
7903
23780
8897
11122
139189
79611
126969
389840
7422
340895
284274
5462
30011
10460
3751
646195
117583
8741
6928
116448
10255
150280
54796
7092
200315
29956
2628
256356
3075
4609
100147821
9027
390218
4603
26281
56965
10
8082
2646
4760
949
353329
8661
254778
204474
286749
22918
6744
58500
100271091
158222
23635
51422
57706
3232
3231
128822
3973
2034
6909
449492
9603
403301
26957
401145
4257
56311
55686
90859
60677
8000
8416
1803
3119
3118
3117
3116
1471
4855
54901
29107
63892