3920
2657
10060
7112
131118
1832
1837
6640
84159
6324
1674
51778
287
3762
7804
673
6444
6442
3757
55172
5663
1829
2316
1824
345895
6654
4646
4878
8701
3845
55997
4973
3827
4893
4634
7139
1482
88
6901
9992
6389
7134
7137
4205
5318
6262
6261
64446
23171
55036
83544
2070
11155
8048
3741
23414
7021
55800
4624
4625
4626
137814
7273
27019
783
5573
51422
57057
23389
241
7547
3759
10142
3753
54880
9531
4633
5664
7015
10021
2200
7092
859
182
5781
7414
79188
123872
2626
3728
4607
6330
4838
7168
3784
221421
2218
2697
10008
11216
6899
92579
5350
4000
1756
85366
775
948
8557
6736
70
4040
2702
339829
1804
78987
125972
8997
282996
7405
2006
6331
57158
5894
23022
91624
1767
4851
51314217
120114
1308
283652
100271434
2099
28
255738
8658
25771
63951
23294
23293
84439
23768
7809
56996
1952
283849
11278
29994
5308
57608
25817
55759
6597
65264
284217
6387
9992
121536
6662
170690
100128390
8882
64848
55742
100130239
9722
79660
100271444
100048912
84722
7709
9960
79192
387119
9531
1874
114036
79822
653163
51530
84441
387101
25903
25902
10400
10151
8613
375056
463
98
3781
22808
54805
10743
2890
729075
390345
79659
55973
6943
11173
2581
80310
221692
151126
771
22822
3782
1284
4018
1282
284252
3988