4303
4302
4300
23048
1145
8625
4609
1786
55343
10215
5078
5079
8301
28992
3040
7454
115761
694
695
5376
3559
3558
83737
84159
4869
547
930
51062
2719
7390
348801
673
5994
8028
11277
23569
5993
285527
65125
10962
3561
3039
7253
2990
4277
100293534
3569
2312
29760
29851
83706
2060
55024
1380
5159
6583
595
6988
100272147
147409
3309
399
4689
10125
2309
4281
3663
3575
2302
7249
89795
80184
919
89884
2261
1656
1234
64421
9258
3662
23495
1130
8518
1134
4094
5428
4066
254065
4299
4298
841
6774
6775
4297
5573
200942
29844
1536
2161
154215
4261
1493
3596
331
57569
190
6535
6929
7504
6927
5133
10558
8115
975
974
973
472
80332
4068
596
721
27086
55315
79184
115352
653361
50515
27125
57379
7292
346171
7297
2629
64135
30009
6886
6887
10019
5896
5897
843
3172
2213
3195
3689
4683
861
1773
4688
3684
83417
720
28956
2516
54414
4914
605
604
10006
6491
10272
602
8178
5087
608
3630
2632
6891
6890
238
100133941
7374
959
958
79840
5450
26191
4928
4004
4005
4515
2741
2743
326
25925
4598
81704
4282
204
5788
4253
50943
26503
7100
4803
1789
7941
3702
4795
710
4791
1285
2120
355
3543
94103
56262
356
9517
7468
4589
57628
3131
2531
3981
1156509071
26471
5820
442257
100130988
10892
9283
407977
11181
2914
717
1797
5460
1493
7128
388698
100189469
131368
91056
474354
646702
2315
2312
84547
55584
56244
259308
199
100130756
5796
389203
1017
1235
1236
3586
57476
100271203
8897
9844
5771
23095
3092
640
11262
644020
430
2615
3559
100271271
353002
8341
353006
23242
22979
644540
3516
7412
3899
267015
135656
3394
1997
6890
1999
6753
8935
63940
3630
6891
401475
90865
55876
57713
284110
26191
147
414777
440836
169026
284382
3119
3118
3117
3116
100129192
942
3112
3111
148867
5462
7185
399716
167826
401157
84991
100130889
5747
10340
23
9173
10665
10666
387046
286016
54207
23274
200734
246778
554251
79970
8870
3560
7253
164832
5696
55024
55937
169792
116935
399
6148
5491
4439
6665
1656
8809
5966
3663
3662
56984
11120
645950
11127
440387
57661
359758
7148
114904
26147
79692
83648
3593
100271600
629
79827
7919
7918
283598
100270925
7917
7916
80069
6046
1504
3087
2113
6366
25865
375616
53347
349158
160365
10019
64332
8477
6048
868
54806
221584
55384
79476
3115
54986
3305
285834
54665
5211
4008
8320
22898
326
3976
150221
150223
116379
26797
117289
81797
81794
1041
79722
57705
64895
80760
3710
8626
9474
11118
696
3122
3123
3120
3127
11116
267014
29113
267016
267017
1460
352961
85480
5144
387122
9374
23569
22925
4234
64375
100270953
5594
6565
6311
921
923
2065
139716
55328
10538
221527
253013
8449
253018
449492
449493
4280
3570
55423
730070
9526
6821
723961
100189529
91137
150280
23418
259197
4758
780
6774
6775
149628
10866
8741
2294
6176
25780
3009
81606
84159
394254
11170
115352
10919
10318
388011
7292
4277
4276
7297
639
4279
121260
965
344462
3687
969
3684
57176
1512
4088
3431
60468
79482
26953
2135
10461
152100
7332
55289
8859
100131609
80737
80736
400223
401250
57827
78994
7054
389715
115509
678
3481
8635
677
3135
3132
8740
394263
29121
344423
8701
84640
10320
64288
5017
352997
100270827
9855
53832
919
23498
54899
170679
353011
5089
4295
387117
54536
56169
80862
117583
100189539
100128431
10554
6605
10255
387103
27120
3113
64135
1594
1591
3075
5341
220959
51646
441376
23534
7936
729816
6941
283165
3304
958
7132
3109
3106
3107
1116
1118
100271063
90355
29777
84769
56946
6231
7741
80018
4855
84162