4303
4302
4300
23048
10215
5079
8301
28992
115761
694
3558
84159
4869
348801
673
8028
3131
285527
10962
2060
5159
595
6988
100272147
399
2309
7249
89795
89884
2261
1656
9258
3662
80184
843
4298
841
83417
4297
5087
200942
29844
154215
331
57569
6929
8115
4066
4068
596
27086
79184
50515
27125
6886
6887
4609
4299
2213
3195
4683
861
254065
605
604
10006
6491
10272
602
8178
608
238
5450
4928
4004
4005
4515
25925
4598
4094
4253
3702
4791
2120
472
356
355
7468
253110320
54986
56169
285834
8626
79827
100128431
9855
64895
5820
11262
3127
84159
29113
25865
3662
57476
401475
5462
3132
6176
100270953
3394
3119
3118
3117
55289
8701
3123
79476
3431
79482