5310
4306
760
6557
6559
7225
8542
3557
6648
5824
5828
7056
4868
23607
3939
142680
718
7809
4233
116093
6569
4643
988
120227
65266
7030
11136
81
6519
5251
9380
79663
5311
51196
6514
5314
525
4968
11281
64423
4627
2271
6421
1729
50617
7422
7421
4952
5972
7428
3758
8504
629
5167
27241
1636
2056
7490
5546
183
185
9409
189
112817
10312
6521
1594
6524
3077
11236
1188
1187
1184
4179
201163
340024
554
551
8074
6340
4920
5195
7466
5190
5193
5192
8671
1758
65125
5800
4841
3913
79058
7369
57531
55193
493856
7827
1285
1287
1286
5830
3426
84925
6337
55670
6338
81494
359
307523780
30011
6582
646195
22925
10863
8741
6744
58500
28991
158222
22918
128822
595
949
6665
10255
7029
100270946
8542
6781
449493
6262
100270916
3123
11112
57619
8416
10665
2034
407977
284274
26011
221416
5696
2628
3117
51422
57575
449492
100271209
9153
7369
29956
8395
9526
2646
256356
4257
84902
3709
3075
90859
60677
150280
390218
4603
80832
23562
56965
200420
6569
3119
8082
4760
8897
3116
3118
11122
353329
79611
1471
389840
7422
9658
55589
9027
4855
254778
6909
204474
29107
51071