4086
1080
4089
2294
27063
7015
6288
21
7157
6439
80332
57628
4093
5002
5265
673
1956
7941
6440
10568
729238
972
1285
7080
6794
94103
1438
9940
4589
6289
54904
659
2064
653509123688
2615
84640
100131609
10144
4088
8626
401157
55504
646192
4855
7917
3658
90865
7015
55876
441376
53916
644540
4285
3122
64375
3570
9283
10665
100132286
6046
1116
1118
1017
8809
6821
387044
3117
85480
5144
26953
1136
152002
3132
91137
284110
9173
23418
169026
3560
56946
3119
3118
1999
220959
3115
3113
5089
3111
8897
149628
81037
253013
51074
56244