5310
4306
57135
50617
760
6557
6559
7225
5076
4477
8542
3557
268
6648
5824
5828
7056
8671
79058
8653
1316
23607
3939
142680
718
7809
84733
6716
117144
269
6092
4233
116093
3640
6569
4643
2492
128674
4481
2253
988
120227
65266
190
7030
11136
23301
81
6519
5251
9380
79663
6662
117155
51196
6514
5314
525
4968
11281
367
2260
2261
4214
64423
8287
3265
4627
2271
6421
1729
161497
6770
2048
55636
7422
57054
57055
4952
5972
7428
3758
122042
8504
5546
629
60528
23405
6928
5167
3295
3293
27241
1589
1636
2056
7490
1586
4868
1584
183
6041
185
9409
189
284654
112817
10312
6521
1594
5311
3075
3077
3284
11236
4601
1188
11200
1187
1184
4179
201163
2516
340024
554
551
8074
3730
6340
5728
4920
5195
1617
7466
5190
5193
5192
5925
50846
1758
65125
5800
4841
3973
3913
7421
7369
57531
55193
493856
60675
6736
7827
1285
1287
1286
5830
3426
84925
6337
55670
6338
81494
359
652410611
8626
153572
10863
646255
401237
23362
28991
391679
3655
200420
128822
22834
389136
4477
8542
346711
83636
26579
3123
11112
7054
22853
4983
407977
2152
7369
29851
26011
7399
84902
8029
100271222
367
11278
200315
80832
23562
6569
80031
139189
122525
3031
6563
100271317
81037
157638
55589
2255
51071
5010
2492
595
23466
3709
5305
8395
9651
728409
286097
22918
23301
9658
100270946
100271209
6781
728484
7015
6262
100270916
6662
6660
653268
57619
387934
6665
898
55423
401145
221416
2263
50805
57575
6582
6581
6580
3817
9153
55729
9526
100130338
55214
7092
150280
219931
140885
23780
25978
11122
340602
79611
126969
389840
7422
2677
340895
284274
54535
430
100128390
5462
578
30011
10460
3751
646195
117583
8741
100271372
402123
6928
116448
22925
222546
10255
7029
8193
7903
54790
79887
10665
4824
58472
5696
403301
253461
638
79083
256356
196374
3075
80762
4609
100147821
9027
390218
4603
26281
56965
10
3119
2646
4760
949
359941
353329
8661
354
254778
204474
1293
6498
6744
58500
100271091
158222
23635
100189492
51422
94274
84075
8897
5192
8673
29956
2034
6909
2628
81848
55170
80319
137868
449492
84790
449493
26957
55190
4254
4257
56311
401475
55686
90859
60677
60678
100270871
8000
8416
1060
7337
1803
8082
3118
3117
3116
5630
1471
51312
4855
1761
54901
29107
63892