4303
4302
3717
64783
23048
596
23512
4609
4005
4026
3417
5079
7249
8301
28992
10342
221895
8013
5077
25
115761
2521
694
2324
1029
79142
3791
5987
3558
7517
84159
4869
84936
5890
11146
3977
25925
675
348801
4330
3932
6098
8028
3131
51684
5468
8021
4233
116093
10962
10215
6794
51592
6793
6392
2317
6390
6391
92521
2313
4841
3845
2060
5914
1387
2064
10801
2778
8031
8030
6988
4893
100272147
5155
6757
7030
23085
1649
8522
399
23305
2309
2308
79663
3662
57591
89795
8805
10600
2078
1019
4968
11281
89884
2261
51201
55193
285527
5002
8091
162967
9258
3815
80184
1499
5324
3265
4626
1385
4629
23092
23095
843
7704
1656
2271
4298
83417
2322
4297
5573
4292
3092
5979
4300
79058
57509
7428
154215
5159
153090
54556
5371
55717
57569
23405
6929
7913
595
6927
9321
8115
27241
57670
4066
657
7157
7490
6597
5546
6760
27086
6598
79184
5781
154288
1033
50515
27125
2115
63976
865
466
6886
6887
5108
4771
4299
5156
11235
11236
6421
2213
3195
3205
4683
11200
861
862
6756
4763
867
201163
54949
10499
55654
7994
254065
5081
8833
605
604
10006
3868
6491
10272
602
8178
4089
889
608
5290
7175
64324
238
79145
727837
200942
124540
26511
8795
29844
5728
2132
5087
2130
2131
5450
6389
4928
4004
5727
4515
199713
5925
3973
7468
2033
324
4595
1755
9950
8929
84168
4094
57531
613
4253
1277
8314
9049
57120
8312
57082
673
4791
6862
2120
2122
4157
3621
4914
54738
84925
472
473
2000
9516
8648
8915
54904
2531
8643
8360510320
54986
56169
285834
2034
285176
8626
3132
338376
3127
79827
100128431
645668
23187
9855
128869
595
3119
7015
353238
172
729536
5820
26154
55289
11262
3662
4004
401237
84159
51750
100271144
29113
100271618
79608
140856
25865
57419
58480
4276
580
100288517
7299
57476
9375
3431
401475
100131561
8028
5462
100048912
79482
267015
6176
8558
390218
23095
4600
4157
130540
100270953
3394
8082
3118
3117
949
4507
86123
472
55770
8701
3709
81037
64895
79476
3123
343045
1761
8398