374654
8626
3659
5071
4221
4477
150094
9833
7517
1316
83990
675
999
672
673
1956
1499
4233
7048
116093
6794
4437
23405
3845
4481
51079
2064
2778
27030
595
5395
5157
7030
11200
5606
23301
4072
79728
4968
11281
367
2261
51201
5002
79663
3265
4626
972
2271
6421
2272
5573
79695
2048
4292
5979
79058
57509
51741
7428
4978
60528
79577
2192
4436
6928
6927
27241
6288
6289
7157
7490
5546
657
6041
843
1033
6049
22800
5892
7486
2042
2956
10568
11236
4601
1027
4683
10232
862
4522
201163
9940
2737
4088
4089
5290
4763
4293
5889
5888
5728
4512
11178
5925
3973
81847
324
4595
4841
4092
207
57531
208
55193
9049
8312
8313
84925
54904
23022
3198123688
217
55504
8626
153572
112744
646255
401237
23362
131
7227
391679
3655
283491
22834
4477
83636
8673
26579
11278
28
7054
4983
57161
267015
26278
387044
5144
387122
7399
10884
6447
8028
5462
100271222
125
51562
441073
80724
116159
392371
2304
113510
80031
392382
79875
5305
6563
10611
57609
81037
157638
85415
2255
5010
595
23466
6582
352997
352995
3709
2494
353021
7031
7032
55892
100271197
23301
100147754
9497
152002
728484
4046
7015
222643
4285
6662
2099
80205
51196
653268
22853
5562
898
728615
2263
51592
50805
4214
6581
6580
3817
3117
5820
1136
999
100048912
347730
100271596
219931
23095
25978
347292
7141
340602
53335
643503
2677
3123
54535
430
100128390
578
56169
4916
4276
571
577
646192
100271372
402123
6928
353003
353002
222546
7917
8125
11221
4340
387934
8193
339799
2834
54790
644540
4824
58472
26137
5168
650
27324
200315
79887
253461
25817
346171
729582
638
79083
466
196374
10391
2122
80762
4609
389136
390218
29086
10
652
3119
11200
861
220959
949
647121
80129
63877
8897
1452
8667
57178
54796
647201
120376
6498
401475
283450
100189492
100270908
94274
3232
84075
3231
57497
3106
55729
100133193
2034
81847
1293
81848
22891
80319
137868
4092
84790
3911
285829
55190
4254
55214
122525
10460
4856
60678
100270871
8000
10371
7337
84312
26585
8082
3118
1601
100130409
5630
354
80018
367
100271015
51312
1761
63892