2778
8031
8030
5324
54556
4089
55717
5290
5727
7030
3417
238
1499
3977
10342
6927
201163
657
23085
79145
57670
8805
7157
23095
7490
5546
5987
5925
84925
116093
324
4595
1033
1755
51592
51201
9950
8929
162967
79663
3621
675
55193
4968
5728
57120
673
8314
6098
5108
3265
51684
8312
4771
5468
4233
8795
11236
7175
4841
2271
6421
6392
4914
9049
4292
473
5979
9516
79058
8915
57509
2064
8643
742856169
2034
285176
23187
595
3119
7015
353238
5820
26154
3662
4004
401237
51750
267015
79608
140856
57419
58480
4276
580
100288517
9375
100131561
3709
100048912
390218
23095
4157
8082
3118
949
55770