374654
3920
114781
84623
4771
27286
7345
120892
285362
8864
9289
5824
7305
5828
668
6487
80331
10585
8905
348
51062
2592
203228
4935
5264
6792
5261
6658
2316
2314
84233
5521
55998
10801
5913
291
81839
2896
594
6598
140803
3778
3679
274
275
4552
93986
2542
493856
80208
80207
2548
51114
81622
2261
1013
4211
9150
9524
5009
2760
124590
8518
4359
23095
23096
55129
79955
25978
6507
23064
57502
3251
4952
435
2617
335
65055
64221
3868
10020
8195
2018
859
2688
84059
7552
3897
7555
7273
55277
6611
374291
340024
23435
10564
7276
95
255928
5956
1629
5189
8565
5224
90167
55650
8831
56652
747
4618
3060
7170
3064
8292
6898
8890
5354
57716
91147
5456
5146
10939
1756
79628
9445
611
23503
3708
8242
8243
5538
4508
4668
1282
4914
1471
1476
54820
64072
80781
5173
2717
1302
50484
23209
57449
7957
51473
5071
121512
8988
5582
3798
4593
5626
146057
7592
5621
8492
1373
6323
23111
2153
10743
2010
80025
54209
55624
83943
11277
1959
5663
7319
2318
9901
3242
4137
203859
65018
825
4488
6329
6855
2902
6606
2904
7138
54332
7132
5256
5257
5255
6663
4723
55605
6311
146227
51204
4239
5376
585
582
583
3748
27241
1137
1135
1134
4620
4548
241
4625
4541
4540
166336
2273
2571
84239
10908
627
8504
9126
593
8291
6535
6530
5664
641339
4340
9439
4538
4539
4534
4535
4536
4537
186
6389
9409
25861
7337
1123
10157
10159
390594
8575
10397
23230
11232
9627
11235
138050
1509
15
4154
16
19
338567
84061
55145
7401
2692
54982
54664
23345
4763
83696
10577
6622
3236
24140
10084
5194
1967
5191
5190
5193
5192
118813
9896
9897
51324
29954
8929
26260
2629
55777
773
779
7102
80704
6862
2332
2334
3028
79158
79152
1760
26353
83605
1140
1141
1144
1145
1261
8573
8622
123606
4864
85300
2521
9203
2664
2653
540
546
547
2652
2245
29978
5063
6403
2705
5144
7399
6444
6445
6442
6443
9179
8022
64374
6448
55103
7443
54840
343641
6567
1822
2147
6310
9570
410
411
6314
25814
129880
25953
4976
1387
4973
3827
443
55737
113278
8320
3476
4287
3575
5091
5092
3479
7249
7248
80184
9782
367
2668
57477
54714
2934
65217
383
445
27429
3315
254065
5583
4758
785
1641
1729
51185
9968
112476
6647
2290
56997
116442
64419
1073
6326
7157
2563
57679
4983
7098
1585
6683
2055
6687
9131
2584
2582
2581
1352
23133
1355
1861
5654
7846
7840
2898
11141
84100
26580
4524
4522
2892
7991
6197
1103
81857
1453
2517
2512
100133941
2736
2737
2731
10002
2733
10165
57094
256471
10369
23189
23636
23224
5053
1814
5728
123016
79840
1813
10479
875
5727
22954
2741
2036
2743
2033
4598
170302
55212
114798
9049
80975
10528
5836
154881
5830
11253
8912
5195
8910
55775
351
55670
8398
54903
9927
215
1785
1786
5476
285489
3329
10083
6872
79147
4703
347733
6712
7050
161582
1778
7054
283
9907
1293
2554
65125
2998
59
58
3565
51
4647
2997
79738
2259
538
2778
57465
9499
4000
8139
9856
57194
5660
9990
7879
4204
6908
79809
1859
4803
2780
6261
6513
2395
427
2074
10133
84295
144165
8450
9640
3508
846
51057
378884
8898
5080
8893
8892
8891
51422
2670
54822
7546
7428
2562
6834
23400
6607
5339
6609
2566
10558
1738
26503
347344
1636
1981
1639
4747
5236
4744
55640
8820
65109
9215
5788
5860
728458
7415
166379
2182
3073
3074
2184
25793
7080
7169
5428
57192
2218
3373
1180
1181
57190
51128
158866
1741
6496
9459
114327
1201
1200
1203
5631
5649
59341
8106
1161
3736
3735
4519
4512
950
4514
26058
9516
81846
57167
57165
1292
9420
1291
81704
5160
5162
84572
10075
2720
2643
8557
9197
5048
11315
9211
22948
9217
4728
54862
6469
3786
3785
3423
50937
23431
3425
472
6335
9517
25836
477
478
4854
7466
3198162540
114134
2580
952
100131609
114781
100130889
10452
8301
5747
56169
92949
56979
10347
8477
203238
401250
5820
100270961
400591
3122
10892
3120
1946
3127
5621
27072
10665
29119
341
717
1378
267016
646583
352961
23607
678
868
4336
54207
677
54806
5460
8028
4035
1495
3132
100128646
100189469
131368
203228
79970
5308
80036
7473
554251
5594
6565
79031
2315
400403
4137
3123
921
923
56244
926
9037
56922
199
337880
10538
352997
57111
116935
221527
132789
10438
5607
27074
274
23036
56832
6148
8449
728299
267015
4280
6263
90627
4724
80205
450234
344558
254428
387122
51205
147081
23666
23498
3662
170679
253782
285513
1330
100048912
9846
23095
359758
81615
10599
7148
3394
4815
2041
6774
8938
26766
338399
1008
1006
644020
54536
3593
51435
401884
84660
84894
339761
2921
4905
629
454
2294
8320
7919
10895
353002
283226
7917
7916
100271506
57674
3559
2565
7412
10913
27324
27120
3087
5789
10919
965
10404
4276
160365
63976
66037
1594
4234
1591
11262
64332
120892
64231
7132
2043
54805
85453
5341
4862
8934
5819
51338
155061
10228
130013
729075
442524
9108
7936
22920
9451
729816
6891
644150
3184
25902
64321
4277
6622
148867
2135
3109
6346
1191
3106
3107
60468
6101
5491
8740
84286
22898
643680
157708
9811
65125
253018
339263
147
5796
4211
116379
440836
54465
53832
117289
998
6955
10461
79054
152100
84769
1041
1804
3119
3118
3117
945
942
3112
100129583
7074
6239
5932
23271
4855
23025