3920
1200
55343
4023
285362
7306
5824
5828
3559
3257
344
80331
348
1798
142680
1493
1497
5468
7048
4935
10195
5261
84233
291
593
594
120227
140803
56052
11136
275
4072
6389
2542
493856
80207
2548
79728
3651
525
26258
2263
1234
64421
443
5009
2760
445
6934
4351
25978
37
36
35
34
23064
640
57505
3251
4952
435
338
335
8462
64221
3291
10020
51021
255738
857
7415
2683
346171
116519
112817
55277
84823
340024
23435
91949
95
1629
5189
256297
5224
148738
56652
3636
3630
6891
6890
6898
4292
5354
1758
51151
388552
79783
9445
5538
4508
4669
85476
2538
1471
686
2717
50484
9365
5078
7389
8546
8540
8504
203228
1371
1373
6329
3939
3931
23479
5994
5264
5993
1591
10111
22845
3242
4137
5660
65266
5498
7036
6927
5251
1717
4728
9382
5255
4723
6311
51204
3667
2071
4541
4540
249
4547
164656
29929
79053
4261
2591
2592
1340
5663
4436
6928
178
175
4538
4539
30061
4535
4536
4537
4948
57104
183
9401
181
185
2110
9409
189
3081
26580
10157
2629
10019
7352
5896
5897
11232
3284
11234
138050
1509
55065
5830
3141
19
27034
84062
4650
54982
54664
4760
5213
10577
493753
4160
5195
5194
5191
5190
5193
5192
9896
2539
65125
204
779
79087
57817
5443
2235
79158
2187
9479
4306
8625
3077
5095
5096
5506
2189
3172
2521
2653
540
29978
2243
8431
7391
7390
9370
284119
6448
6569
89781
2068
2799
410
411
412
4976
3949
5395
3373
11200
10128
8443
7369
4281
4286
5091
5092
4126
4125
9526
54657
2934
54658
383
4758
1643
1729
6770
50617
8813
5972
1589
7157
57679
1586
1584
1585
56606
4247
27329
2055
3145
9131
2584
2582
2581
7299
10312
1355
2588
6521
7486
6524
7841
4683
2896
55120
2109
2108
4864
2517
1513
91869
2639
2731
10165
2632
5256
256471
9180
5053
641
79840
875
6559
4598
1244
11132
55215
10466
5836
5837
51251
440138
4000
7507
3988
351
55670
7508
3981
215
212
210
760
5476
6647
5373
283
10133
3643
2998
2990
51
2997
2395
538
2778
57192
6901
9997
6519
6261
79803
2720
6514
6517
2176
2177
2175
2073
2072
2178
427
2074
3815
3952
2203
53630
847
846
7276
7274
51422
2671
2670
149998
7421
54822
6833
6834
10555
6609
10559
1738
1636
1639
4069
5236
4744
55315
84342
84343
5860
64135
567
1594
3073
3074
229
2184
1593
2956
224
5346
5429
5428
1184
1029
51128
79796
1161
5447
23101
1201
8074
1203
6341
6340
4519
4512
4513
4514
8671
8675
1352
26119
85365
5160
5162
84572
5167
28976
9380
26503
9217
5257
1807
1806
56945
3423
25839
3425
472
6337
374291
6338
7466100131609
22807
9369
54602
339896
10296
8622
79635
4026
100189470
5079
8549
26471
7227
60685
80736
3767
116085
400223
22836
22837
5820
442257
643550
57827
57514
140464
3122
64375
3120
100270859
3254
3127
7054
1071
25949
8658
10666
9905
63951
283460
267015
267017
2158
54901
287
3990
9861
352961
145741
80737
8638
3481
5144
1797
9374
6446
23274
22920
5996
84991
167826
3132
246778
9173
203228
100270827
400652
5619
6014
29121
100270950
723961
3304
729611
497258
6891
6311
5696
3123
157638
7117
53940
2065
4023
729288
55328
57118
442216
388125
169792
55423
391719
55323
116935
221527
864
23308
8872
253013
150962
22918
56832
10239
3305
3676
5491
84320
59067
6262
340598
83657
116028
4439
1852
4094
3479
8882
100271600
84226
204010
8807
389203
7919
7536
8809
128486
6821
1236
1230
79660
3586
1233
84450
56984
89822
100271203
136259
8567
1512
100270938
6934
340460
5771
431704
440387
100271597
7128
378805
5122
4758
359758
7148
114904
7466
56244
80059
389015
9559
53335
5871
257397
644020
139716
57829
430
7547
3592
140902
56169
442117
79571
629
441726
6605
54469
283598
100271271
10253
100270925
7917
7916
23242
339799
22979
80069
10665
100130239
2888
84811
3516
100147745
10221
387103
90768
114182
100270945
115352
56606
6048
2113
5789
25865
53347
3778
4277
116519
166336
3558
10644
64135
10562
10019
359775
2184
3667
116985
3172
3087
94241
84871
5796
4685
5341
5184
83795
2895
6753
3118
55384
391524
647215
8935
79068
969
7092
57178
155061
6480
2829
4544
388011
79667
54665
3630
729816
5649
6890
10477
11321
63826
1504
3119
139363
55876
9055
10363
4276
4008
60467
54875
3109
4160
7074
9223
26191
3107
60468
40
221895
168850
717
2745
2509
3976
100271063
29851
5289
10554
26797
2720
2646
56999
117289
998
7297
645345
3559
7103
100287887
677828
100270981
169026
79970
1804
3784
9709
3117
84162
3112
135154
5937
79258
8859
1493
54536
80018
4853
57624
4855
399716
6231
23025
29107
63892