3596
4086
1080
4089
2294
653509
4613
27063
1893
55172
7015
6288
21
64446
7157
5002
2302
9940
6439
5784
80332
55036
83544
57628
4093
339829
7080
1767
5265
30009
1956
6442
7941
6440
123872
10568
729238
6289
1285
7273
6794
27019
221421
345895
1438
201163
8701
4589
972
54904
673
659
2064
94103
51314123688
2615
84640
100131609
10144
4088
8626
401157
55504
646192
4855
7917
3658
90865
7015
55876
441376
53916
644540
4285
3122
64375
3570
9283
10665
100132286
6046
1116
1118
1017
8809
6821
387044
3117
85480
5144
26953
1136
152002
3132
91137
284110
9173
23418
169026
3560
56946
3119
3118
1999
220959
3115
3113
5089
3111
8897
149628
81037
253013
51074
56244