1302
762
2652
1261
6121
10210
6100
10516
24
4901
10585
4867
6247
5148
718
5146
3769
5145
7399
5995
64072
343035
54714
6094
6010
84140
6017
4647
7439
169522
10594
346007
2074
5158
9094
8322
6785
6261
22999
1524
8754
5961
1406
1258
1259
80184
124590
65217
4117
23418
64218
130557
114902
79955
83394
220202
83552
167691
3614
9129
93589
83872
3000
55812
79947
7099
388939
84059
25861
375298
728458
3075
25794
5654
84100
6295
26121
92211
7401
387715
7287
10002
57096
55975
768206
9227
84839
145226
123016
7078
5149
6103
6102
24148
10083
5925
8842
23746
778
2978
2979
10461
26504
4508
1280
3420
5444
50939
1471
1001
23020
6101360023
387715
7936
629
6499
221527
59338
343450
441726
80864
10554
728402
259266
1071
221294
266722
221416
6048
84898
10877
3990
8224
285600
718
717
1797
10529
9709
3075
3078
5654
81579
23418
8797
58504
118663
7148
3426
3080
8859
5978
7422
2165
81494