23512
60528
5290
7030
11200
4437
4436
6928
23301
5889
5071
4477
27241
5728
79663
7490
5546
221895
5925
3973
6041
116093
4968
11281
367
2261
4841
4292
1316
207
57531
675
55193
999
672
22800
5892
3265
1499
2956
4233
11236
4601
2271
6421
10232
2048
201163
23405
4978
4481
79058
84925
2064
74288626
153572
646255
22853
23362
83636
391679
3655
22834
4477
5820
26579
7054
4983
7399
5462
100271222
367
11278
401237
80031
5305
6563
10611
81037
157638
2255
5010
595
23466
100271197
23301
728484
7015
6662
653268
100128390
387934
2263
50805
6582
6581
6580
3817
55729
219931
25978
340602
122525
2677
54535
430
578
56169
100271372
402123
6928
222546
8193
54796
54790
79887
4824
58472
200315
253461
638
79083
196374
80762
4609
389136
390218
10
6498
401475
100189492
94274
3232
84075
3231
8673
2034
1293
81848
80319
137868
84790
898
55190
4254
55214
3709
10460
60678
100270871
8000
7337
8082
949
5630
354
51312
1761
63892