5310
4306
760
6557
6559
7225
5076
8542
3557
6648
5824
5828
7056
4868
23607
3939
142680
718
7809
6092
4233
116093
6569
4643
988
120227
65266
7030
11136
81
6519
5251
9380
79663
5311
51196
6514
5314
525
4968
11281
2261
64423
3265
4627
2271
6421
1729
50617
7422
7421
4952
5972
7428
3758
8504
629
5167
27241
1636
2056
7490
5546
183
185
9409
189
112817
10312
6521
1594
6524
3077
11236
1188
1187
1184
4179
201163
340024
554
551
8074
6340
4920
5195
7466
5190
5193
5192
5925
8671
1758
65125
5800
4841
3913
79058
7369
57531
55193
493856
7827
1285
1287
1286
5830
3426
84925
6337
55670
6338
81494
359
30758626
10863
23362
28991
200420
8542
346711
83636
3123
11112
10665
2034
407977
2152
7369
29851
84902
5462
22925
80832
23562
6569
1060
3031
6563
100271317
5696
55589
51071
595
23466
3709
8395
728409
286097
22918
9658
100270946
6781
449493
6262
57619
6665
898
26011
221416
57575
6582
100271209
9153
9526
100130338
55214
7029
7903
23780
8897
11122
51422
79611
126969
389840
7422
340895
284274
30011
10460
3751
646195
117583
8741
116448
10255
150280
7092
200315
29956
2628
256356
3075
4609
100147821
9027
390218
4603
26281
56965
10
8082
2646
4760
949
353329
8661
254778
204474
6744
58500
100271091
158222
23635
128822
1471
6909
449492
403301
26957
401145
4257
56311
55686
90859
60677
8000
8416
1803
3119
3118
3117
3116
8029
4855
54901
29107
100270916